  17 1
  13 2
  19 3
  20 4
  25 5
  19 6
  17 7
  20 8
  19 9
  17 10
  24 11
  27 12
  20 13
  25 14
  21 15
  10 16
  15 17
  21 18
  24 19
  18 20
  23 21
  15 22
  30 23
  21 24
  28 25
  29 26
  22 27
  15 28
  16 29
  25 30
  24 31
  25 32
  16 33
  14 34
  21 35
  24 36
  25 37
  22 38
  18 39
  16 40
  28 41
  29 42
  25 43
  21 44
  18 45
  18 46
  18 47
  16 48
  21 49
  17 50
   9 51
  24 52
  24 53
  17 54
  24 55
  11 56
  15 57
  25 58
  21 59
  23 60
  23 61
  24 62
  16 63
  19 64
  24 65
  18 66
  21 67
  23 68
  17 69
  17 70
  20 71
  21 72
  12 73
  19 74
  34 75
  24 76
  20 77
  17 78
  20 79
  14 80
  15 81
  12 82
  27 83
  14 84
  20 85
  27 86
  21 87
  20 88
  12 89
  18 90
  14 91
  25 92
  25 93
  14 94
  25 95
  14 96
  16 97
  22 98
  15 99
  17 100
