94
42
78
91
45
92
33
97
41
59
31
21
93
35
25
56
5
19
71
26
1
63
31
3
60
76
99
92
4
66
54
76
25
77
88
65
31
88
66
100
27
27
68
71
96
60
71
52
88
82
54
97
34
5
32
52
57
50
12
28
91
67
21
79
86
5
63
69
55
77
71
83
8
95
84
37
83
11
26
84
37
64
42
8
58
66
17
57
41
19
25
26
46
42
83
45
3
9
63
18
27
77
70
8
40
8
91
26
21
12
25
34
46
19
36
3
43
11
10
5
58
85
75
32
62
92
5
53
60
70
42
39
77
54
86
41
52
4
76
89
97
18
4
64
66
41
53
21
92
33
64
49
67
47
72
7
3
71
58
14
93
49
61
93
48
50
95
23
25
58
43
15
20
76
52
14
37
84
85
86
61
86
42
42
68
4
45
84
20
48
33
39
65
96
17
10
52
60
22
41
