25
32
61
35
55
21
52
58
98
67
30
15
38
42
25
71
58
32
63
31
83
27
76
53
9
63
95
55
67
60
85
25
28
15
58
48
26
92
5
24
3
51
92
23
70
57
81
30
76
62
71
43
58
80
92
73
86
97
70
75
79
83
13
1
38
41
66
12
4
64
77
80
1
59
43
19
62
45
73
73
1
90
60
37
25
99
60
39
76
91
5
63
57
41
61
34
72
40
39
17
23
46
67
54
6
61
12
57
38
80
84
6
28
91
88
39
69
10
67
23
83
18
15
33
73
83
94
21
83
95
6
83
98
47
19
92
70
7
74
63
28
77
22
54
71
5
87
7
61
17
62
25
16
23
68
59
8
73
40
22
86
76
72
77
89
21
31
6
77
58
33
53
63
58
86
53
42
21
13
85
93
62
25
71
79
31
20
8
92
18
94
93
96
42
40
28
80
77
6
31
