90
67
47
36
64
45
92
7
14
24
45
88
32
31
41
99
98
26
69
61
39
32
24
70
22
75
78
80
14
20
9
24
31
26
44
88
86
65
14
15
62
11
50
88
32
82
43
1
30
53
18
50
49
97
82
49
65
46
65
74
79
49
44
10
23
28
12
53
95
24
81
15
90
66
59
88
81
13
15
71
2
32
81
75
100
6
18
10
98
13
54
24
15
18
52
88
48
62
36
17
1
83
79
9
23
7
87
57
12
84
50
14
100
33
10
29
100
80
29
68
53
55
43
7
41
22
33
95
99
27
75
73
24
44
32
63
25
80
87
12
2
15
19
20
60
24
82
42
90
86
37
63
30
94
52
29
34
43
20
55
88
62
94
59
99
23
20
38
37
41
92
20
15
3
97
18
18
21
5
26
19
52
52
35
30
5
80
81
97
83
49
79
88
38
50
74
67
36
8
9
