26
99
84
71
37
47
25
67
23
15
23
29
8
23
27
92
75
97
62
68
30
23
25
75
87
36
61
44
58
8
74
38
38
85
64
2
43
89
75
18
44
93
73
28
88
81
28
32
13
23
17
48
83
19
86
27
20
72
61
6
60
51
14
18
45
25
45
35
39
26
22
33
59
48
8
61
89
90
100
47
49
91
24
98
46
41
96
33
41
42
78
47
81
83
47
60
8
46
31
71
21
13
16
12
18
67
93
55
9
78
92
68
42
12
54
39
79
86
59
25
6
72
67
76
82
6
12
11
6
10
22
26
58
11
100
58
65
64
23
67
12
76
76
23
77
85
46
94
17
65
66
91
4
72
94
95
62
94
18
37
27
56
95
65
2
59
44
27
37
32
29
95
13
50
91
93
32
100
21
28
22
16
14
29
74
20
70
76
14
83
83
78
5
67
98
2
35
77
66
77
