36
81
54
35
75
83
38
51
21
53
49
74
98
4
90
87
96
69
96
37
72
68
98
7
15
38
64
77
53
72
59
83
78
70
58
84
52
41
36
92
5
77
37
35
75
47
24
95
69
60
25
10
68
40
12
3
41
64
98
47
30
98
44
40
36
98
31
83
29
26
79
64
76
42
75
75
65
3
76
31
32
55
62
79
89
19
11
46
22
68
55
35
37
10
67
25
97
32
95
99
41
36
82
74
99
78
95
31
3
42
85
33
94
48
59
27
75
77
82
53
14
61
10
66
88
16
41
59
62
9
63
15
50
64
64
18
58
5
59
95
49
88
85
37
72
93
49
39
96
74
34
30
44
89
96
57
76
11
19
9
14
15
83
77
36
75
38
98
47
19
77
42
91
66
78
85
40
33
41
52
76
48
36
18
65
52
32
44
35
25
36
15
1
38
97
24
39
2
52
48
