59
37
99
48
90
46
7
72
50
29
62
43
23
30
61
50
26
36
20
38
81
53
53
10
27
93
57
45
9
94
52
50
55
51
47
18
26
55
21
25
60
93
49
50
46
9
50
79
82
29
24
8
20
42
95
20
87
31
76
26
93
63
67
63
51
35
12
16
29
29
82
11
49
60
44
91
72
61
34
49
90
14
57
27
18
23
35
38
50
20
64
83
8
74
60
86
39
33
74
13
98
90
64
22
93
87
52
13
74
92
75
87
39
86
20
77
99
76
42
86
65
76
32
65
27
37
5
45
69
53
43
89
82
75
87
59
12
100
71
42
99
6
77
31
57
92
86
89
100
28
22
66
48
55
13
71
53
26
1
49
44
45
25
5
10
100
27
39
28
30
25
9
63
23
65
8
96
48
11
69
39
96
5
82
7
47
19
66
38
30
34
62
60
14
93
86
56
46
84
72
