5
71
94
38
99
62
68
12
53
62
45
63
13
27
13
14
1
88
44
41
69
36
65
64
23
25
80
67
62
53
8
73
22
46
74
13
72
12
1
83
73
86
39
40
24
10
97
49
12
1
19
55
47
75
34
35
14
69
9
4
12
9
55
95
45
58
87
12
13
75
96
75
15
88
44
38
92
85
75
55
14
37
22
43
30
80
87
19
83
30
60
26
88
61
65
3
64
60
30
48
36
96
56
71
7
55
27
54
4
17
11
92
30
19
26
3
93
6
90
91
79
83
14
86
75
59
100
99
19
66
43
53
93
26
5
98
65
33
74
74
49
92
62
28
67
100
57
78
70
16
9
10
51
12
45
1
90
46
11
30
42
13
57
15
29
23
62
15
72
8
48
2
8
70
93
35
17
9
72
32
11
88
12
42
27
37
69
78
75
54
89
97
69
23
82
81
14
56
44
84
