32
38
55
75
19
29
95
66
81
17
9
32
3
14
12
56
46
36
46
75
24
98
26
72
52
7
67
30
43
28
66
31
44
95
31
41
48
1
30
85
79
7
79
37
79
76
5
40
4
21
23
57
27
34
41
85
19
3
50
51
60
44
42
75
93
11
12
21
23
4
69
79
31
91
38
13
65
68
58
68
52
79
99
4
13
78
83
56
98
80
79
1
59
63
13
34
3
11
23
78
38
33
49
44
35
38
6
24
10
54
19
98
14
37
30
68
26
62
83
70
81
41
98
72
59
55
23
42
21
57
78
65
44
7
65
93
68
43
2
81
86
86
39
54
33
44
86
73
29
15
5
100
35
10
21
54
86
69
61
16
27
61
17
47
53
38
98
97
96
95
43
92
11
21
68
20
40
93
41
26
4
74
11
65
70
23
95
17
61
26
54
31
73
11
56
45
65
8
68
95
