74
55
58
7
11
68
27
80
45
87
9
80
72
70
75
51
30
37
85
23
43
14
25
34
85
76
28
62
61
52
50
78
20
69
90
26
72
37
95
53
42
75
71
76
32
61
75
2
87
52
43
68
51
9
44
58
47
87
18
86
31
95
39
81
85
30
91
35
41
52
69
45
12
1
45
4
36
88
78
35
86
47
90
21
31
56
6
53
4
22
75
55
75
74
40
92
56
35
87
5
36
41
49
26
55
40
59
43
43
6
31
26
76
2
95
60
16
68
30
35
43
65
60
62
4
25
36
84
42
30
85
16
50
81
75
85
58
40
89
10
92
30
2
42
98
48
93
61
3
43
70
19
87
14
11
6
87
72
65
5
97
85
98
34
12
27
75
86
84
95
54
76
53
85
36
4
58
32
15
3
12
58
33
2
70
34
25
47
69
19
46
52
71
71
96
37
61
91
68
73
