37
90
37
41
6
95
54
24
49
77
60
67
5
93
26
59
85
4
24
42
3
87
11
14
39
27
66
64
64
90
31
22
15
58
4
70
86
97
55
78
8
19
17
62
94
36
26
79
68
30
100
53
29
70
61
5
75
69
86
74
19
58
66
36
100
41
53
93
8
24
90
67
7
7
94
67
87
58
92
11
3
1
31
55
78
32
57
21
87
12
55
23
100
29
38
32
84
25
62
83
42
37
16
43
59
56
19
92
25
4
24
1
23
36
40
11
32
11
89
100
26
54
68
72
87
32
13
11
42
83
24
52
6
41
40
36
44
24
60
18
99
9
61
64
79
23
93
17
40
21
90
88
94
46
89
98
18
43
97
74
90
34
3
17
55
21
43
41
14
18
28
66
49
47
84
79
52
65
20
5
35
43
7
75
2
49
35
93
68
14
21
6
42
60
80
71
13
59
46
92
